world: b339dda7-0e12-48e2-99c8-d31b6a44bf65
world-name: world
x: 5.957190499499751
y: 79.0
z: 17.18530688919544
yaw: -10.104248046875
pitch: -4.6493754386901855
name: Spawn
lastowner: 6b935d9e-c2fe-3085-a6fa-227d8624c201
